535
602
116
362
85
184
982
391
647
857
426
437
606
832
253
344
962
989
461
71
69
485
857
590
596
530
726
845
436
882
282
442
479
675
76
345
564
151
109
910
132
935
194
587
796
547
477
619
604
1
9
421
359
936
363
627
91
501
239
242
2
414
476
897
51
862
29
338
54
500
779
982
180
507
409
939
988
21
344
14
228
404
576
920
479
953
171
20
552
306
454
324
883
676
289
321
347
14
522
259
108
803
744
818
110
625
467
343
320
369
94
308
648
303
470
244
713
214
420
486
89
783
506
358
58
211
555
468
720
512
39
20
282
170
25
14
410
763
311
405
914
376
940
674
336
907
995
176
457
391
551
813
393
211
640
230
981
724
629
818
198
787
292
705
77
378
461
765
267
275
154
860
749
4
303
149
793
463
102
482
239
633
360
135
570
337
11
436
116
851
390
895
867
188
164
678
669
49
463
311
424
710
20
636
27
76
226
332
986
568
928
961
62
762
897
452
163
848
45
435
844
196
274
960
332
180
712
980
102
485
90
839
955
636
731
282
591
248
401
97
922
65
368
275
539
570
288
988
492
664
671
914
248
126
42
239
627
9
211
915
402
926
520
719
483
9
190
679
285
457
608
930
699
467
846
519
260
423
41
401
614
22
769
444
563
282
394
27
277
420
344
838
267
162
571
885
942
58
512
48
367
641
23
376
117
774
168
137
142
957
862
753
607
263
54
982
418
252
597
96
598
102
430
287
145
850
142
611
180
211
656
921
995
759
392
451
619
491
3
872
302
237
913
640
174
529
64
186
960
69
566
635
753
134
497
282
933
62
37
206
308
800
262
88
1000
142
852
831
862
127
90
982
797
126
884
95
37
193
616
996
86
661
718
176
709
13
25
64
842
711
36
552
892
894
526
455
118
975
235
415
174
69
471
502
735
104
648
916
525
253
65
870
704
958
424
749
506
72
807
147
2
611
638
981
424
355
31
838
347
314
6
194
134
328
784
990
935
518
838
372
73
800
354
890
885
610
660
579
143
463
865
821
470
350
337
355
949
85
400
484
652
630
964
952
384
744
915
157
507
910
386
184
153
666
47
764
115
145
226
640
297
416
703
808
935
683
426
550
856
120
527
169
849
924
35
894
222
60
198
475
771
767
266
7
115
783
963
753
218
223
946
404
389
4
80
741
137
320
665
264
483
576
749
815
793
585
133
309
929
171
18
890
612
698
824
943
158
460
639
779
361
731
251
592
595
525
405
762
35
325
244
488
376
599
314
362
113
536
80
504
445
52
967
792
384
954
298
665
258
533
177
820
68
82
845
374
778
653
307
573
248
712
742
655
272
20
572
10
398
361
396
993
212
603
985
100
602
186
637
201
964
397
859
649
711
90
322
456
358
158
397
343
473
846
220
152
38
755
967
879
399
123
923
994
322
396
212
189
974
191
397
987
7
39
97
425
129
954
77
62
361
896
829
35
526
75
118
608
879
457
924
338
148
814
685
452
747
953
668
767
170
420
697
32
804
474
217
271
44
771
328
201
127
6
799
470
292
405
561
630
755
817
222
800
209
818
121
390
554
424
824
620
874
209
743
969
968
980
836
461
650
891
33
606
873
196
984
65
7
141
543
307
7
972
128
707
901
866
818
813
746
274
455
258
730
708
661
855
773
326
402
611
589
735
846
491
776
369
863
771
34
101
894
349
384
748
940
44
827
449
614
666
758
520
587
289
994
12
664
76
970
837
790
663
915
154
881
235
23
923
332
708
465
330
626
918
234
646
369
844
611
540
714
772
376
977
221
336
379
33
533
37
838
197
953
313
510
962
241
868
756
914
366
109
8
557
557
436
306
664
908
964
489
264
947
505
725
331
809
970
933
875
675
768
487
371
266
66
214
429
551
672
685
349
433
283
611
41
675
16
441
185
625
172
340
651
531
149
419
141
117
856
705
631
259
369
550
877
637
681
571
216
284
552
789
992
385
127
916
311
379
80
235
479
208
608
776
552
787
733
196
256
758
610
264
12
265
691
46
336
320
25
650
201
20
179
30
694
954
83
801
425
937
392
720
271
790
489
513
519
100
362
287
440
293
896
34
980
123
450
195
532
499
297
50
573
350
371
344
50
153
719
649
721
286
545
749
673
820
819
377
394
888
320
365
995
567
274
265
811
132
112
838
441
708
53
871
977
33
290
842
238
286
981
254
480
415
597
828
282
815
168
847
639
240
710
450
222
616
512
879
85
38
153
200
924
141
865
53
140
961
541
835
885
712
426
527
98
96
260
71
427
116
625
85
326
793
87
257
818
435
483
530
855
795
328
446
233
870
700
267
85
478
967
221
654
307
696
626
525
406
965
414
838
681
34
298
382
619
661
968
315
688
926
658
79
164
839
413
31
458
925
615
555
56
753
625
129
998
39
507
632
271
182
355
969
863
780
429
322
479
694
405
288
838
274
737
353
252
301
560
206
194
986
710
389
128
206
774
561
287
496
200
51
368
296
303
793
501
992
800
913
544
738
699
985
627
202
570
439
780
388
373
468
482
632
701
351
335
861
2
9
674
619
641
686
541
393
358
823
294
419
187
166
216
958
415
186
651
547
51
249
506
905
881
398
809
707
461
139
958
534
394
933
341
562
657
630
429
605
735
642
332
445
853
694
795
899
410
8
987
493
632
766
909
444
224
815
300
750
700
724
204
583
358
384
60
158
474
741
707
510
645
680
81
872
469
705
349
861
251
184
287
784
271
559
290
548
518
609
852
939
86
693
734
316
616
830
125
702
606
996
95
426
701
369
316
418
851
326
400
907
368
555
104
948
535
751
912
579
48
889
728
39
305
962
754
463
21
519
344
538
52
836
814
720
341
976
708
553
898
369
626
706
207
122
967
72
253
41
353
290
724
421
323
294
65
951
690
133
845
772
169
203
994
883
373
180
81
388
869
106
634
576
59
178
377
351
271
97
316
738
485
42
886
925
510
102
99
777
965
417
139
679
715
337
198
265
959
312
917
731
681
202
209
416
55
57
139
672
11
981
906
982
536
520
689
222
593
113
428
685
792
348
493
302
717
53
619
883
453
18
760
783
826
728
66
416
644
149
561
572
769
110
455
485
426
401
949
594
932
814
282
105
521
560
643
761
686
260
82
18
140
50
575
354
946
200
478
973
975
491
782
892
698
888
991
848
980
231
711
991
51
742
655
807
785
1000
337
928
49
76
752
636
158
724
741
246
176
596
25
838
60
507
248
965
450
414
661
463
704
706
615
435
396
56
594
498
573
555
318
146
604
760
516
913
347
8
277
229
658
236
597
418
236
916
819
305
794
523
749
382
958
845
420
512
785
386
627
822
486
714
203
456
977
331
177
461
351
91
13
704
92
783
927
877
57
201
240
652
356
888
124
829
926
248
809
340
450
164
765
452
103
145
309
476
158
924
957
157
269
304
750
854
389
856
156
846
981
148
645
372
50
936
348
760
732
585
985
920
509
725
881
745
520
688
639
610
559
7
823
902
649
638
629
825
215
364
343
438
810
944
529
661
755
18
885
839
405
109
857
866
509
132
133
145
112
688
640
769
501
67
32
695
332
193
649
146
53
446
435
683
885
69
581
325
623
183
429
449
929
544
652
808
366
429
13
972
104
283
651
396
663
707
16
27
433
718
493
860
681
824
79
514
813
110
279
185
547
216
937
265
914
677
351
78
827
147
726
204
975
614
77
232
952
301
926
570
589
764
708
284
312
802
209
380
240
639
345
147
331
661
572
179
5
761
172
669
698
359
257
819
845
814
790
267
520
131
36
39
941
617
30
375
346
185
403
817
334
798
730
212
161
51
493
72
749
536
424
771
357
162
931
971
497
59
412
55
468
698
332
246
760
544
811
254
433
543
344
228
61
489
344
638
91
406
877
758
313
423
275
485
265
512
929
251
131
720
221
423
845
875
593
768
310
550
158
587
379
593
896
119
853
437
308
377
153
383
343
56
558
371
632
97
469
9
84
529
19
688
302
72
137
983
28
756
31
969
549
52
286
713
837
289
795
357
979
549
256
601
616
947
266
152
357
906
945
544
64
405
619
27
858
500
318
715
567
222
947
934
246
457
986
868
171
650
675
665
156
983
118
109
737
671
33
838
14
18
14
673
18
300
53
436
651
414
827
999
774
487
512
829
590
2
106
47
947
753
593
896
844
689
986
321
28
760
17
564
73
644
214
170
576
290
708
859
269
724
147
391
523
940
505
983
159
783
607
926
245
323
874
482
857
123
17
834
454
145
198
521
209
564
105
221
513
162
428
263
601
405
941
724
215
223
166
723
964
100
334
591
644
109
102
935
735
253
931
380
455
409
560
482
867
706
187
736
473
562
852
726
127
804
203
387
299
586
659
397
262
656
987
214
355
849
561
259
501
864
212
657
534
582
414
912
959
812
20
493
1
687
412
914
988
269
760
887
677
303
817
268
462
257
176
255
165
706
819
352
905
222
702
765
298
988
928
826
599
117
27
122
814
195
140
612
980
12
547
554
50
518
593
387
23
231
252
546
423
646
211
758
153
859
441
537
669
222
313
761
586
1
33
435
322
518
874
444
373
258
301
961
488
430
611
84
673
517
191
547
908
214
736
17
992
603
647
163
385
812
616
75
404
506
181
164
967
841
28
315
587
232
529
932
838
600
747
850
318
275
801
362
942
726
152
652
524
410
500
638
197
155
72
203
784
556
134
935
552
86
280
813
76
211
136
360
70
676
65
287
13
264
902
774
525
198
769
428
101
618
811
836
320
818
203
492
817
465
313
784
854
612
992
554
880
289
912
984
167
11
653
792
591
461
611
613
222
298
538
460
378
60
313
101
445
705
640
417
930
340
918
4
803
860
262
555
895
936
199
477
191
277
270
806
755
570
508
660
910
533
111
91
981
791
998
161
209
786
620
627
669
262
898
321
456
668
467
134
605
981
976
215
688
16
890
953
78
2
330
520
323
381
856
725
943
981
937
155
639
352
982
825
567
999
88
742
652
259
159
999
644
733
58
609
639
515
347
140
902
998
642
901
257
560
148
365
298
277
345
765
461
12
750
211
856
17
712
769
862
974
56
368
149
182
315
747
157
999
975
745
169
558
532
124
154
774
811
208
512
233
233
685
348
264
114
763
814
367
851
936
536
215
198
49
927
63
78
86
615
798
376
721
655
248
188
601
414
82
656
569
650
507
276
518
303
731
53
891
649
565
810
667
665
857
68
926
37
181
237
802
208
403
270
35
881
461
713
583
149
64
881
399
555
104
746
199
297
244
615
685
926
431
872
447
570
531
637
625
403
261
835
516
794
697
876
653
273
859
654
447
707
568
614
96
662
120
863
961
774
17
745
439
97
307
781
644
693
922
30
70
32
991
174
429
404
284
172
154
712
982
270
300
362
64
212
341
528
572
532
39
1
473
209
926
610
235
928
156
357
658
581
60
417
658
604
329
221
693
125
431
532
629
180
828
583
510
400
708
560
763
351
521
620
921
266
207
759
800
195
559
939
745
277
705
181
346
732
532
291
114
317
612
148
421
736
130
53
149
993
403
827
746
895
738
376
244
5
123
190
507
23
185
255
246
131
984
53
165
51
641
913
823
323
10
977
425
33
59
429
222
275
884
248
83
55
248
887
836
773
780
293
350
407
211
355
965
977
356
676
901
748
408
52
245
746
65
761
6
542
138
762
631
467
428
994
585
784
296
158
255
375
589
429
259
73
755
240
419
845
54
244
821
802
754
798
63
914
279
66
386
919
553
73
813
609
277
812
155
814
752
668
826
468
664
731
32
691
280
371
989
254
797
209
467
585
233
91
358
959
866
118
574
591
64
403
769
369
46
97
35
519
308
187
215
698
649
82
142
744
941
739
748
66
592
935
388
28
158
705
411
869
856
96
736
454
618
525
886
913
883
795
814
388
44
564
805
757
219
205
233
412
729
486
172
65
473
930
902
218
329
508
361
501
557
684
73
806
512
657
972
24
297
691
163
219
299
370
98
655
85
744
142
810
625
201
340
79
293
780
622
348
522
546
686
77
202
184
146
13
624
841
836
510
612
236
271
819
148
585
870
76
964
634
472
126
202
443
73
634
677
386
322
884
166
338
427
683
550
302
985
441
975
662
422
580
469
136
619
230
338
247
689
891
733
394
578
593
17
23
556
535
580
575
132
862
362
17
338
620
315
599
975
637
846
778
387
761
443
944
683
922
358
971
554
895
564
962
882
746
932
908
407
712
576
783
910
115
576
151
43
666
728
381
307
202
945
875
114
196
638
213
110
232
239
640
765
713
615
484
356
451
786
427
417
663
146
729
959
963
460
15
30
588
615
380
479
427
712
215
842
172
460
525
282
164
914
11
553
32
494
595
153
520
596
505
875
121
179
141
753
921
349
393
986
671
217
993
694
906
298
629
408
608
654
277
745
426
872
785
878
674
821
942
724
878
770
812
492
670
555
696
888
644
537
155
787
366
493
532
96
193
119
915
401
3
532
673
477
84
621
462
328
413
173
5
718
435
37
465
433
148
469
880
962
384
918
624
458
597
539
62
77
596
749
972
874
985
672
564
967
33
629
409
351
447
133
844
997
522
374
526
186
868
970
644
117
62
74
209
553
569
556
956
163
168
524
516
187
429
783
424
204
897
839
950
12
181
257
750
489
185
96
953
654
326
207
60
440
799
992
515
236
420
272
544
153
968
857
384
755
306
78
347
382
321
229
266
12
813
373
980
737
879
665
434
214
921
752
955
660
200
98
212
481
195
247
337
842
721
350
211
974
685
540
112
76
915
388
9
315
723
421
118
740
294
312
210
286
616
776
766
243
985
581
48
880
43
762
587
902
695
758
738
322
156
573
791
326
297
2
4
693
569
266
281
305
896
269
637
497
816
557
187
686
163
192
440
611
460
301
967
177
625
190
615
468
140
773
166
652
899
884
890
401
151
678
454
723
68
620
374
978
550
137
101
79
337
769
742
156
808
138
330
512
128
78
612
809
909
457
392
853
293
347
237
821
934
615
70
209
446
592
127
557
543
849
275
394
871
504
705
106
360
992
591
497
239
35
682
975
409
131
52
371
153
282
40
122
194
489
804
284
83
181
507
717
254
257
606
841
626
557
571
378
380
606
504
586
452
12
733
552
133
419
239
979
199
185
926
661
694
144
273
270
806
317
416
257
390
232
547
565
544
647
112
792
618
496
504
644
1000
600
98
799
510
452
824
309
499
825
219
513
643
277
794
393
635
249
651
568
929
269
945
616
30
289
680
372
422
234
178
688
554
776
278
386
779
896
654
274
998
985
263
286
69
929
570
924
367
277
39
617
62
535
668
915
400
584
367
479
230
309
224
40
851
419
296
177
678
255
724
775
282
47
721
304
462
485
356
878
294
24
201
161
545
552
713
669
149
405
317
243
406
715
80
318
19
40
621
849
746
179
109
498
537
483
337
597
77
818
127
918
102
478
878
362
136
950
323
156
168
572
73
950
86
940
656
538
715
496
414
687
729
198
979
77
635
842
48
979
568
54
852
25
517
736
287
340
714
773
598
898
301
175
221
844
733
182
35
693
458
743
423
132
985
978
318
217
746
439
251
95
321
499
662
262
375
989
19
282
415
2
526
3
651
460
479
686
227
886
687
31
986
168
684
786
93
847
402
163
926
763
104
929
88
965
120
883
761
97
650
401
615
317
456
544
84
412
448
766
601
289
536
667
411
612
528
947
69
830
180
147
373
479
152
995
730
61
649
580
82
215
483
896
994
206
209
821
519
376
251
235
74
904
771
503
950
527
703
297
489
531
753
998
840
56
32
185
37
860
624
68
98
928
171
95
186
174
606
167
929
378
723
456
824
494
471
732
524
656
575
533
175
35
64
156
442
747
691
173
130
610
885
19
753
439
413
69
538
762
794
177
72
739
717
186
289
232
408
708
348
661
786
220
428
117
793
13
426
398
35
256
203
889
223
601
479
492
740
575
233
874
987
331
513
233
753
697
4
798
310
739
867
821
346
9
258
686
310
370
143
102
246
121
573
92
763
585
474
775
418
913
234
573
165
806
992
429
318
663
714
28
815
572
845
853
88
152
816
627
743
624
341
753
736
527
639
460
617
488
307
721
248
920
312
759
812
593
534
907
889
754
28
623
841
482
609
327
441
770
903
231
622
94
844
46
455
4
161
448
587
258
674
100
368
258
110
349
50
730
717
537
289
523
84
352
19
902
833
18
800
112
105
148
771
750
569
721
898
783
545
796
517
507
347
243
644
718
572
296
264
459
698
330
736
350
141
895
840
453
528
662
727
732
916
211
464
289
562
617
742
488
418
232
429
208
791
877
226
482
24
527
376
580
448
368
865
179
449
459
16
985
963
357
280
673
687
752
662
370
155
448
313
620
521
489
710
939
864
916
550
50
353
934
829
499
41
734
502
544
395
112
320
127
910
379
245
503
361
815
779
690
263
443
911
916
489
523
586
598
872
439
147
861
244
144
189
643
205
71
545
273
555
611
672
994
623
208
975
673
799
504
391
766
213
935
652
358
676
547
810
731
153
444
385
471
4
907
510
871
260
768
932
622
860
340
886
243
409
618
579
312
173
556
673
976
783
218
993
177
665
423
67
851
749
305
239
700
465
358
116
420
232
194
955
381
653
754
111
46
919
994
374
304
452
296
222
292
931
330
931
875
26
499
55
262
553
425
287
927
496
346
953
20
605
74
135
837
982
94
43
526
160
282
626
729
631
790
56
185
407
280
690
175
757
594
605
645
196
195
942
463
180
826
208
181
207
922
348
859
16
998
204
34
348
510
669
910
794
619
580
335
222
105
188
956
966
158
999
608
920
897
361
540
114
947
913
575
144
168
625
977
863
822
452
650
858
684
731
852
675
16
296
159
100
277
644
862
203
652
722
366
372
643
776
395
462
625
556
467
458
542
584
325
755
794
746
565
95
406
305
934
860
467
782
869
690
363
306
122
348
377
81
132
529
993
660
407
537
191
30
915
472
908
643
796
352
315
718
335
327
928
832
514
67
560
377
558
344
962
652
947
842
489
330
505
476
641
331
154
226
320
462
988
272
50
330
246
280
274
489
990
871
472
717
574
31
451
852
854
947
756
140
486
7
450
682
909
188
871
439
225
80
94
546
774
367
911
690
781
335
389
981
723
390
198
603
776
359
601
306
785
114
795
748
874
398
896
579
28
851
816
692
766
667
45
946
935
254
731
363
938
945
617
156
926
46
690
999
681
509
991
516
773
771
301
89
739
510
694
960
534
527
270
92
473
652
861



























































































































































































































































































































































































































































































































































































































































































































































































































































































































































































































































































































































































































































































































































































































































































































































































































































































































































































































































































































































































































































































































































































































































































































































































































































































































































































































































































































































































































































































































































































































































































































































































































































































































































































































































































































































































































































































































































































































































































































































































































































































































































































































































































































































































































































































































































































































































































































































































































































































































































































































































































































































































































































































































































































































































































































































































































































































































































































































































































































































































































































































































































































































































































































































































































































































































































































































































































































































































































































































































































































































































































































































































































































































































































































































































































































































































































































































































