22
456
13
658
691
48
841
23
154
173
830
6
976
627
929
205
619
85
797
237
198
224
52
528
544
17
101
847
689
534
935
939
953
624
415
710
447
883
398
397
551
655
604
414
934
218
327
401
25
188
380
843
314
905
612
724
709
447
541
55
830
391
259
638
719
726
897
132
708
852
938
486
964
472
67
684
58
831
695
593
592
771
423
959
755
244
923
515
920
850
859
225
485
682
871
906
669
963
904
78
676
135
103
104
711
8
49
93
117
71
384
322
775
288
781
208
545
430
177
997
646
419
715
619
743
623
848
296
521
642
698
835
444
281
749
982
644
747
107
75
835
993
489
832
847
954
110
680
685
471
732
237
759
662
384
96
698
957
172
142
733
10
788
291
800
745
438
155
537
523
607
247
421
92
886
657
416
601
301
321
464
879
688
100
305
809
75
535
919
535
807
453
337
447
881
516
75
614
960
155
334
307
763
143
289
873
199
989
253
778
94
533
369
75
613
501
958
18
777
354
407
891
164
852
831
226
566
125
397
321
303
291
351
335
492
515
881
138
925
487
919
156
203
371
791
460
368
919
411
653
609
663
802
904
283
169
739
493
788
390
613
616
793
517
623
314
323
194
478
17
516
146
457
927
518
925
924
167
668
658
838
950
784
420
852
430
606
477
163
415
363
732
313
267
234
968
793
193
376
744
41
71
643
549
206
953
117
161
131
702
51
672
102
449
36
678
647
570
34
750
358
245
374
748
510
719
200
996
784
547
532
821
836
679
187
901
715
976
782
977
420
412
271
397
481
160
988
785
110
600
614
783
597
490
476
522
829
800
221
326
452
494
111
872
217
905
646
726
802
542
418
658
315
300
551
240
596
144
970
653
247
696
137
880
279
210
56
375
410
949
834
688
528
855
615
493
897
589
121
233
226
340
227
105
741
791
280
730
683
954
161
713
869
60
974
504
447
477
401
820
728
576
99
860
30
745
58
120
567
411
321
727
673
216
753
656
285
375
367
416
608
4
752
343
160
592
69
184
743
543
470
748
943
270
607
863
765
696
620
948
614
93
198
549
583
298
561
354
289
580
431
368
518
711
749
1
601
172
603
674
125
613
882
603
467
13
727
99
416
304
27
320
288
644
153
12
605
876
583
895
993
575
109
734
155
182
846
549
179
835
643
521
818
142
212
762
121
284
561
74
178
603
870
111
574
672
772
528
238
150
978
226
828
364
33
693
390
920
149
892
808
532
412
213
561
454
2
92
477
57
543
980
697
440
583
75
882
650
729
850
78
116
314
274
621
793
753
800
890
168
297
788
815
928
108
271
790
685
889
357
34
166
892
763
961
610
502
279
954
942
219
351
258
293
99
424
745
373
457
334
698
883
621
151
834
210
813
699
285
22
113
523
20
260
3
327
191
267
643
666
231
22
938
829
927
787
575
443
946
12
933
218
433
944
474
722
152
653
437
447
735
190
584
405
633
178
192
163
742
549
639
683
929
973
12
176
752
14
358
126
229
462
46
373
407
81
566
514
547
661
107
449
685
118
637
414
728
230
765
782
950
259
311
327
104
254
446
622
461
993
418
239
2
895
147
372
209
855
868
347
278
517
822
607
772
692
354
833
965
597
64
993
747
169
483
787
852
527
953
460
677
164
776
274
421
593
934
694
444
774
893
169
8
609
308
849
736
887
211
766
449
258
949
442
761
316
590
28
703
282
841
130
222
936
517
4
350
920
442
674
349
164
477
245
112
654
930
894
365
220
485
330
791
522
143
823
764
942
37
505
87
168
287
111
655
699
446
828
925
747
181
897
460
760
424
366
829
383
255
595
407
443
959
919
453
84
59
94
137
652
971
380
207
216
589
30
196
2
712
32
609
350
323
785
920
931
70
922
389
697
512
589
315
566
819
857
373
532
568
848
421
192
163
37
323
712
221
742
899
207
236
549
168
235
262
407
452
757
340
431
393
108
934
58
414
359
321
244
157
118
301
142
702
234
537
886
58
52
730
576
259
327
875
505
896
96
201
462
490
992
713
740
175
759
479
483
122
779
915
647
491
351
436
165
726
164
1
870
829
862
569
280
656
448
949
701
790
439
830
367
216
904
142
947
786
425
177
112
12
589
425
990
739
544
32
258
714
568
304
684
498
72
229
459
302
165
807
453
363
977
782
377
909
116
618
811
496
177
427
307
274
216
515
425
312
812
850
333
942
497
277
563
861
24
208
998
610
365
331
587
782
90
947
119
868
275
580
427
604
911
92
491
540
993
803
462
7
660
22
510
220
151
344
599
4
91
337
419
101
708
387
948
145
620
594
87
243
609
695
659
749
960
764
603
954
618
610
512
101
378
10
58
458
124
543
519
423
463
828
638
665
721
40
494
886
889
219
838
359
478
53
809
499
372
583
425
84
178
487
807
410
351
209
242
369
581
236
269
544
877
454
936
534
602
813
182
234
875
864
191
872
343
469
478
204
595
541
942
200
677
722
914
47
44
518
924
804
827
935
516
945
836
857
883
476
898
628
541
744
425
835
216
404
699
663
583
218
707
139
868
895
606
725
830
544
3
440
574
673
22
664
635
989
957
394
40
384
896
498
784
714
979
20
483
831
181
741
936
831
24
296
453
55
988
80
377
751
503
977
723
858
33
631
3
916
5
447
750
124
311
438
815
512
11
291
36
136
987
500
930
415
3
527
146
199
934
351
954
892
635
828
707
916
140
518
674
278
400
610
161
794
183
642
506
169
150
892
40
102
513
203
321
459
173
904
105
712
847
97
231
887
975
966
8
404
643
955
68
367
90
328
313
897
631
330
296
814
822
166
903
889
414
664
475
650
11
877
529
653
276
741
390
833
669
892
631
58
273
623
406
532
912
620
667
647
894
76
683
601
485
835
618
457
984
861
882
461
688
170
100
573
646
534
921
435
790
961
260
302
453
337
393
298
592
563
318
475
990
821
188
248
456
6
719
81
300
102
550
774
441
366
697
922
595
807
475
67
488
858
800
493
156
457
486
264
127
387
242
263
688
87
687
843
164
604
189
793
158
202
633
984
757
582
19
707
139
301
320
377
166
511
403
961
472
251
320
967
223
856
630
471
411
895
682
807
223
386
151
940
843
272
340
320
510
423
906
311
783
425
980
360
670
369
649
945
868
582
356
998
319
380
158
89
437
211
994
624
780
959
967
972
934
456
559
907
247
848
910
47
897
373
739
825
1000
858
162
815
927
648
869
294
331
680
572
665
515
471
834
159
454
272
145
581
668
656
119
28
850
499
120
509
861
463
207
450
532
704
1000
647
547
887
981
700
673
309
351
550
393
566
831
293
928
38
245
652
45
416
536
678
402
651
870
691
476
863
322
277
691
46
86
818
460
21
444
922
803
561
462
623
895
806
19
88
384
25
228
230
279
840
78
992
252
348
302
492
941
640
186
752
610
583
162
286
480
380
833
453
874
632
154
359
288
753
862
968
794
265
341
722
714
162
567
171
151
163
777
426
566
930
238
951
75
310
571
964
986
666
37
654
128
121
457
346
137
315
459
283
200
158
528
22
696
782
771
922
287
464
313
177
80
178
206
809
926
691
176
550
444
762
956
122
478
874
755
788
974
725
637
648
489
343
69
495
519
746
802
849
553
992
182
325
799
450
781
208
227
792
891
556
234
556
644
839
311
821
620
903
46
939
843
895
160
910
706
908
768
375
245
536
88
989
281
24
869
672
45
969
321
780
183
60
946
416
836
778
92
831
722
558
783
732
309
391
440
40
898
501
131
682
730
83
139
999
889
938
98
114
624
501
315
972
457
3
766
718
543
227
356
787
234
397
249
56
826
33
642
228
471
905
742
333
446
511
783
722
203
821
278
225
101
965
883
136
659
134
273
798
60
369
71
742
101
461
420
751
234
868
816
908
97
851
68
861
336
222
827
358
608
258
661
402
675
222
938
252
983
588
80
668
433
7
631
608
26
587
860
641
85
502
814
292
359
929
551
258
410
999
824
937
121
55
367
275
643
875
56
735
476
652
295
783
205
549
550
103
485
961
448
537
554
169
119
163
605
938
311
90
362
345
117
103
725
742
140
491
806
598
660
811
89
89
874
855
698
416
977
278
643
637
996
453
891
220
861
874
85
943
65
841
946
914
724
394
418
562
412
396
213
638
917
849
944
332
641
526
758
174
160
587
232
630
986
875
423
220
284
341
140
55
169
729
814
435
850
302
604
178
789
130
7
316
664
221
644
947
828
594
502
554
662
697
295
461
714
184
925
845
3
267
4
398
914
92
352
610
65
639
756
315
912
229
935
623
669
188
99
135
171
89
347
291
24
783
875
663
271
990
185
128
175
136
57
425
642
84
446
239
33
968
407
394
79
764
842
985
519
693
9
410
815
713
505
545
146
909
161
378
760
788
924
875
106
995
372
388
171
122
868
292
726
31
91
926
647
707
791
638
949
201
343
867
166
631
291
704
523
655
363
752
95
766
816
620
767
661
354
47
985
371
653
391
719
249
885
521
900
124
711
575
940
622
11
816
338
786
355
549
666
678
925
960
854
77
809
46
65
394
915
221
320
690
98
631
134
185
238
385
52
399
746
396
137
773
418
403
170
999
168
520
441
912
397
913
360
48
108
936
111
939
628
865
45
415
797
896
471
295
758
219
248
958
167
41
607
972
840
369
453
495
734
823
444
487
400
108
325
234
165
474
86
401
262
437
771
983
292
643
795
855
217
317
519
448
521
317
461
165
944
560
761
875
362
771
277
657
605
919
126
167
651
947
986
243
192
506
844
838
987
173
471
615
910
879
311
429
285
668
863
804
15
310
929
127
637
160
872
459
673
386
239
207
587
919
121
467
65
576
850
625
284
662
423
527
184
37
803
468
827
494
5
812
83
204
291
479
874
615
887
461
321
928
44
776
475
39
812
131
75
832
517
210
115
711
377
174
393
436
99
441
567
638
574
552
51
17
441
398
435
368
486
409
103
692
69
800
951
389
941
129
76
929
959
638
222
628
801
769
403
535
473
953
305
303
983
545
196
17
814
128
61
706
324
59
365
207
563
903
730
749
996
676
735
275
864
692
15
635
896
361
829
521
414
911
619
556
190
906
361
7
5
452
630
466
696
72
9
547
590
38
684
574
872
519
764
466
470
732
303
406
991
944
396
196
906
475
362
905
468
57
225
189
466
614
440
803
899
943
222
195
885
327
866
148
668
774
878
29
39
328
100
628
255
441
512
818
754
847
666
347
490
612
108
37
869
467
704
774
490
564
341
234
303
538
266
135
670
436
528
807
900
257
486
967
645
89
757
369
222
914
108
91
297
221
856
538
658
226
669
521
601
749
181
600
634
231
4
567
79
901
534
612
572
720
799
880
847
545
771
865
416
999
766
936
200
726
921
730
797
279
698
696
173
187
167
60
181
151
517
626
909
119
977
648
36
990
263
892
391
226
688
745
895
441
894
231
935
484
55
739
867
997
968
683
252
912
671
979
65
786
289
543
433
601
193
759
629
838
239
320
908
504
730
441
869
871
646
661
162
248
222
36
376
969
376
529
80
920
551
584
56
56
252
422
920
594
226
350
482
230
61
420
302
493
514
293
652
572
201
544
964
329
954
638
790
281
305
850
951
615
463
844
100
139
974
819
165
5
817
566
926
19
915
591
269
995
842
220
423
965
459
47
718
864
196
660
679
388
309
314
747
862
122
531
828
816
194
431
290
405
12
101
932
977
55
675
981
848
524
650
538
13
199
889
166
226
848
515
503
165
818
606
889
387
195
434
654
311
880
670
543
502
188
154
532
947
934
394
245
818
651
8
763
698
198
769
476
435
625
636
79
693
282
501
497
963
316
510
456
362
16
201
781
712
369
744
318
408
975
789
498
529
490
626
888
328
67
254
878
284
598
46
922
238
522
732
250
693
161
739
149
819
431
956
207
810
310
799
970
557
232
361
539
157
540
723
976
703
423
575
80
871
25
365
235
982
184
945
961
646
198
247
173
411
873
831
466
625
325
530
318
223
555
797
491
878
35
896
780
412
632
938
27
504
675
747
894
838
228
648
289
268
985
257
831
937
997
964
834
866
12
997
703
945
457
285
75
319
836
125
626
979
370
592
424
958
66
973
903
330
192
572
203
960
514
805
578
77
271
973
539
123
488
23
857
840
228
913
44
281
299
265
334
843
551
996
581
883
81
748
352
797
989
823
542
355
128
968
842
238
874
568
568
327
64
959
926
982
66
810
295
909
310
451
839
237
535
534
146
104
248
224
662
775
698
169
547
546
905
214
793
167
290
204
528
461
997
186
732
176
803
612
190
660
130
932
605
666
994
772
52
279
288
756
917
929
702
87
590
225
364
452
397
575
656
69
245
20
136
441
943
580
49
24
614
132
520
878
755
547
948
413
74
446
593
599
834
301
993
781
805
814
757
204
406
313
537
446
750
554
658
547
928
41
883
964
873
546
620
525
621
728
222
568
56
352
694
334
751
46
230
797
142
594
323
401
54
295
851
518
669
931
439
934
970
576
152
885
546
891
431
511
23
4
713
626
800
478
86
808
370
894
749
211
776
121
161
541
490
618
368
920
524
457
548
102
870
59
445
768
719
650
680
71
91
356
781
317
600
649
509
387
762
75
792
589
794
867
466
777
86
924
77
994
505
194
567
525
790
961
179
88
662
94
548
324
702
919
913
367
545
759
836
595
105
298
479
125
424
705
763
647
841
509
358
392
11
651
604
140
597
763
134
164
342
166
437
246
707
393
704
309
106
760
556
314
512
347
148
170
801
224
7
502
751
235
530
987
968
772
855
462
530
609
412
170
778
842
203
981
117
143
403
445
947
915
165
804
763
507
84
675
376
136
580
425
252
679
27
227
697
84
792
876
987
792
23
365
291
982
777
501
352
175
793
199
584
644
201
253
122
97
834
355
796
763
25
873
244
734
667
32
917
372
475
567
8
558
977
255
625
297
503
305
707
432
25
497
263
440
981
906
414
67
850
337
724
20
146
152
393
760
391
580
183
359
486
308
700
810
888
349
643
777
820
630
9
38
510
385
813
58
884
524
813
975
552
439
68
289
238
852
819
943
301
849
282
273
57
500
198
770
375
491
951
175
341
8
268
540
865
126
366
13
280
608
452
998
226
714
644
951
567
691
805
120
602
424
164
619
383
755
428
733
735
189
997
541
269
274
793
967
711
46
548
263
922
362
256
362
771
260
88
780
358
134
137
928
783
722
550
286
685
527
67
308
627
159
247
616
339
424
784
914
644
493
305
136
894
229
340
386
718
57
749
500
319
381
847
869
733
171
273
581
108
441
687
538
228
328
710
243
596
955
405
368
835
95
119
342
800
948
381
456
309
567
953
7
566
335
676
129
125
650
729
389
839
914
359
66
144
594
810
166
710
186
241
292
66
651
811
603
110
530
730
53
745
668
124
790
919
953
646
954
964
447
455
216
156
597
497
495
809
835
917
797
405
519
765
333
717
301
679
744
947
297
609
447
22
905
505
118
798
986
296
843
671
342
870
609
252
799
723
4
276
480
680
882
438
565
214
637
958
177
223
552
897
725
40
687
424
881
770
206
314
876
383
222
850
29
999
915
845
888
442
519
769
351
415
719
279
300
895
420
931
135
887
550
782
308
517
338
329
466
62
521
496
532
889
286
338
171
5
781
682
31
110
233
721
560
249
12
864
45
675
731
797
623
19
798
777
542
155
959
50
558
40
565
206
699
102
499
182
809
462
903
318
155
116
65
821
663
800
908
687
549
124
993
298
536
745
226
143
281
684
970
331
617
25
189
327
625
102
736
787
157
414
285
639
869
339
285
384
89
792
155
233
390
715
195
374
55
35
520
249
42
830
651
671
634
71
71
826
152
25
772
911
444
893
91
991
911
621
256
159
487
334
451
528
406
136
104
709
848
383
21
521
148
646
481
635
145
176
580
258
145
917
277
520
993
204
93
376
90
463
436
239
60
885
678
15
343
189
776
575
959
160
113
823
526
106
257
478
195
694
245
384
745
83
284
539
92
760
60
480
888
825
785
402
342
298
381
345
549
167
947
828
594
656
977
804
366
367
463
967
600
107
381
514
48
410
484
203
8
550
251
819
592
806
136
974
557
550
149
456
652
495
265
911
789
295
7
473
196
995
333
191
800
235
59
352
947
713
445
816
87
216
897
786
297
45
49
340
475
169
747
847
413
399
475
691
803
135
397
456
446
355
865
554
816
519
577
551
949
537
339
989
664
779
24
100
117
779
983
695
966
830
957
9
976
826
446
363
796
395
556
673
449
890
811
616
168
818
834
884
994
442
224
814
588
377
288
304
20
862
777
143
819
386
759
340
109
302
231
398
406
817
247
412
261
706
402
176
544
110
474
797
757
444
752
299
61
580
35
629
311
359
590
168
653
196
628
856
382
453
610
376
69
203
99
593
248
829
490
7
840
995
598
160
773
841
659
654
324
733
398
267
332
840
332
165
484
417
512
764
563
429
349
76
95
655
228
960
807
141
940
343
967
798
449
646
165
150
709
448
782
62
177
785
485
233
702
25
341
273
198
543
70
681
59
131
888
149
577
762
125
255
8
245
129
751
222
266
430
17
563
917
533
870
171
174
502
874
635
154
782
696
531
6
586
670
250
355
180
324
621
472
274
579
669
796
829
81
191
108
170
161
813
915
947
941
989
987
586
320
909
313
948
585
134
845
982
799
881
426
538
818
367
801
35
728
834
756
760
635
863
289
624
855
867
747
503
746
380
790
465
191
288
67
897
632
183
99
965
484
622
106
67
478
634
857
540
527
761
854
817
106
606
167
547
616
654
292
667
222
240
658
340
896
925
144
914
598
419
775
820
625
299
282
442
361
361
460
373
62
81
205
132
207
199
99
626
491
216
838
391
857
242
639
599
827
917
998
683
346
652
929
118
232
123
661
299
192
967
64
573
89
104
995
611
683
899
34
22
418
140
624
132
93
108
431
502
180
1000
684
340
204
469
782
371
327
144
618
649
878
23
223
785
179
111
479
235
95
946
621
838
646
259
718
642
873
187
223
850
217
615
64
276
854
274
259
70
620
788
705
112
376
987
979
629
580
58
513
10
551
453
96
515
630
939
623
354
340
40
947
797
54
993
176
385
834
833
506
153
14
156
123
478
826
599
778
999
8
559
357
287
403
192
644
701
406
316
701
30
581
794
891
920
723
990
636
838
119
291
436
610
220
815
845
119
679
505
677
973
602
259
26
292
537
957
626
748
746
340
938
752
110
490
838
448
278
215
734
188
630
373
612
380
180
558
80
128
711
616
867
677
880
687
375
246
993
255
338
677
185
682
11
296
730
224
681
572
909
683
627
726
699
95
714
459
375
797
652
176
734
303
279
911
681
25
928
636
227
376
342
617
703
599
500
698
952
258
309
640
535
909
804
746
60
931
705
684
603
106
314
123
363
892
585
342
265
340
641
318
808
333
756
131
673
837
459
837
838
451
389
51
242
200
460
511
924
957
302
852
633
906
813
610
315
784
454
507
537
815
757
357
681
476
285
731
100
662
862
160
257
327
110
888
901
368
857
887
323
412
322
440
650
469
795
176
303
685
229
683
96
819
601
987
300
803
253
530
90
299
223
532
414
348
349
937
819
439
11
728
290
722
660
193
281
272
524
907
680
892
576
920
323
758
733
901
227
982
801
707
355
305
338
149
198
674
300
427
529
877
46
592
669
334
698
174
606
300
477
467
131
777
303
60
553
79
433
460
238
333
423
980
853
558
527
696
421
34
714
935
181
915
296
109
994
721
662
457
352
845
920
779
462
703
457
146
431
885
382
658
644
27
324
522
238
32
292
39
887
267
599
680
403
833
858
333
910
967
587
158
390
350
544
956
688
226
515
977
737
585
586
421
750
811
887
515
537
794
433
263
61
314
865
476
200
190
240
262
149
524
877
503
327
760
31
822
638
657
784
736
779
246
13
1
835
867
252
38
430
850
144
753
457
986
307
922
583
236
633
245
791
75
324
567
444
425
117
110
992
190
208
175
791
423
574
443
979
434
71
673
886
409
396
378
58
505
471
881
903
719
922
721
637
165
673
847
113
180
736
966
416
382
664
264
153
230
232
856
798
503
727
34
449
480
224
595
77
767
616
108
411
110
639
644
956
403
800
954
900
420
273
675
593
157
206
211
408
274
927
931
281
493
716
356
426
324
802
294
14
109
645
934
19
814
327
541
618
24
900
138
23
567
784
782
336
526
286
207
243
943
902
707
304
773
771
497
886
104
89
633
455
639
432
307
329
790
200
681
369
182
379
693
584
202
892
388
423
89
665
273
762
885
168
6
679
514
545
973
587
909
854
875
490
269
979
760
338
336
372
954
661
582
618
71
59
264
261
44
43
261
383
96
203
862
652
290
366
656
317
129
211
976
427
804
967
39
8
933
787
290
664
618
887
304
137
643
959
159
584
958
826
959
123
204
292
354
716
430
760
265
2
396
804
671
917
760
246
72
944
209
822
405
332
725
149
156
85
169
412
794
686
495
81
477
12
470
914
517
345
241
482
424
916
914
418
979
437
467
923
614
171
838
796
833
646
373
865
1
471
217
814
650
454
318
158
16
986
116
303
550
372
380
83
216
866
737
320
641
665
125
806
396
794
514
809
395
408
232
558
86
178
991
525
429
995
630
242
906
204
974
943
473
928
955
41
974
132
72
442
211
708
828
215
778
843
395
335
861
395
330
42
865
910
116
78
281
701
80
766
211
937
8
955
319
464
397
708
971
653
858
570
633
304
783
215
177
537
965
763
647
387
5
834
13
643
559
295
185
324
347
585
673
278
94
697
701
980
22
182
458
767
161
823
94
976
211
566
718
850
70
183
2
655
939
105
29
760
980
926
770
933
375
15
702
495
43
56
871
468
969
514
45
188
727
416
704
624
831
459
114
975
731
236
169
296
228
692
212
372
953
776
959
716
978
157
834
301
740
738
592
745
597
307
418
862
733
419
928
412
526
17
814
353
869
292
106
344
875
831
899
10
718
395
432
894
740
34
622
384
518
237
371
147
44
688
731
896
28
76
215
867
556
271
7
310
198
173
193
449
461
146
827
834
528
118
423
952
912
369
482
521
258
964
825
75
490
172
461
361
589
51
504
256
510
464
917
85
230
993
207
82
225
194
488
528
103
35
633
750
563
64
594
76
173
859
727
495
507
685
483
161
332
94
969
538
196
877
435
824
568
127
822
386
623
479
633
896
965
885
466
325
193
525
104
375
820
340
556
576
919
311
119
873
241
931
310
797
115
431
269
156
28
198
288
837
438
996
93
611
235
366
421
916
85
458
947
136
268
507
449
951
323
979
357
108
740
261
131
523
448
759
947
493
262
552
116
251
225
149
78
588
995
295
596
439
818
718
804
350
814
822
597
409
41
251
991
274
478
850
475
4
307
484
108
904
242
52
439
742
293
829
397
494
321
296
171
294
640
659
930
805
36
759
139
101
343
198
237
774
408
430
996
776
537
825
671
800
941
66
272
164
413
666
258
490
518
217
172
55
941
553
956
211
159
691
18
722
954
952
268
597
313
140
35
57
186
106
274
945
783
149
698
474
615
109
773
725
411
299
180
718
279
858
3
723
324
193
560
305
627
417
834
956
2
865
397
162
570
651
47
594
447
600
183
678
94
498
747
470
56
548
175
899
517
127
250
783
930
597
973
320
147
778
297
221
537
876
621
780
503
764
915
157
512
562
578
481
949
330
315
615
580
135
65
650
836
499
921
639
220
651
350
922
641
435
167
330
462
636
780
187
798
80
182
602
87
930
303
517
969
434
894
628
386
755
673
271
463
659
735
911
162
65
360
589
731
692
740
929
44
958
683
489
701
168
687
574
633
488
608
259
416
540
438
589
128
61
783
343
812
622
514
17
834
457
634
79
258
978
779
46
389
106
531
746
138
23
600
265
201
430
742
89
201
991
359
318
255
106
106
754
63
577
239
597
176
497
229
759
985
757
415
198
28
212
994
47
709
839
706
339
171
365
13
846
591
817
186
230
736
527
929
396
401
492
524
941
970
753
521
127
993
499
387
394
555
588
900
956
771
856
757
569
231
953
585
614
275
110
561
136
455
403
68
82
213
455
911
525
754
531
529
314
157
363
59
932
299
420
134
979
566
61
112
298
901
315
29
250
617
933
738
491
585
411
308
583
551
571
217
668
76
35
699
480
747
9
747
823
765
896
222
890
705
986
486
356
883
237
121
192
627
369
794
908
276
19
295
917
202
354
374
890
370
978
791
799
355
276
691
154
817
350
561
798
961
361
29
315
69
200
708
152
922
584
659
643
573
656
950
741
881
193
936
4
521
612
424
680
846
26
120
72
982
397
70
43
470
738
340
80
242
196
168
120
492
839
690
735
220
288
593
717
290
684
816
618
910
241
130
242
684
109
701
358
147
272
745
949
912
908
48
870
298
174
879
474
380
685
671
253
449
898
47
225
776
823
181
270
528
803
347
58
320
876
608
607
772
92
691
93
895
22
944
509
898
769
667
607
967
558
644
752
834
865
710
778
63
664
279
929
181
406
446
972
940
501
709
94
440
633
603
155
645
628
918
571
394
72
189
763
691
951
336
509
458
176
132
993
568
648
457
19
811
494
459
12
63
357
80
42
208
336
864
184
411
228
746
120
227
57
403
565
350
308
895
817
680
805
486
880
527
76
515
424
99
261
902
456
6
631
395
149
414
673
920
568
627
978
995
793
234
648
143
727
717
956
1000
407
881
282
324
755
398
793
138
283
983
136
830
538
387
663
479
239
621
415
21
327
546
432
984
276
937
683
704
545
926
624
472
892
476
814
746
74
647
916
410
52
962
851
750
250
425
294
437
956
600
978
24
556
276
68
937
720
743
874
997
786
779
364
288
389
142
580
383
68
769
599
692
123
124
454
388
491
275
755
652
805
815
574
367
517
479
243
315
967
328
959
857
463
67
688
90
234
458
926
736
44
671
182
335
608
119
817
473
427
203
516
91
315
835
922
825
167
220
125
712
760
229
235
153
858
631
790
80
50
391
88
571
205
692
1000
805
358
278
88
789
470
275
797
619
461
731
838
747
477
131
272
869
200
610
978
477
322
985
725
526
47
346
394
41
217
831
73
277
566
311
489
29
32
682
567
978
306
648
613
455
766
289
521
594
722
976
517
451
946
94
156
408
511
829
845
321
633
321
470
98
152
145
18
366
28
595
985
926
766
902
966
861
117
166
29
138
173
494
430
809
272
532
276
566
46
234
784
954
150
514
777
706
343
490
354
9
50
595
651
778
2
212
602
203
285
417
711
797
393
247
825
856
398
276
751
747
138
713
115
376
313
471
808
466
314
592
943
711
499
324
299
88
470
837
727
531
762
846
702
97
360
306
584
287
446
762
650
540
543
656
431
599
7
476
811
509
76
560
900
30
256
489
324
510
934
829
460
658
533
329
1000
181
249
667
756
482
930
695
239
664
29
980
92
721
471
973
712
673
142
468
873
610
645
202
841
321
356
61
968
786
304
322
233
334
838
770
553
366
902
579
276
390
525
371
424
392
345
108
90
438
220
324
414
751
993
545
656
257
571
272
756
779
837
761
68
64
382
402
435
109
329
494
492
714
481
228
563
789
108
783
303
344
327
260
485
891
327
796
15
491
513
637
999
712
932
570
709
842
33
910
455
38
382
829
997
362
532
666
432
800
768
944
60
478
681
940
58
267
699
99
70
718
63
996
501
392
664
198
92
836
579
872
426
984
387
414
536
19
887
964
200
540
760
811
573
396
236
760
215
104
143
10
556
454
655
577
671
641
728
67
345
343
991
636
342
466
839
47
574
362
977
451
716
46
7
754
449
779
508
599
36
604
312
157
564
530
272
504
446
383
523
936
366
246
624
250
826
304
30
854
50
864
632
247
977
91
728
40
275
584
972
514
949
287
844
642
672
684
242
539
162
549
876
911
685
618
363
579
663
34
716
657
5
101
996
320
149
167
957
67
275
637
435
676
454
341
817
96
784
226
214
534
835
527
734
815
822
212
893
821
639
428
372
155
149
121
871
224
890
193
989
68
183
255
97
959
215
228
406
536
571
576
81
601
378
49
781
643
223
689
722
173
942
877
529
346
482
423
36
537
304
615
810
874
973
708
102
825
665
683
142
487
984
926
401
858
170
262
342
675
50
33
811
793
194
772
271
555
196
203
441
574
512
709
514
699
815
135
258
671
427
172
909
273
384
672
969
765
861
560
612
184
512
275
543
852
715
369
990
128
212
655
904
399
429
126
792
737
906
766
4
475
166
574
825
370
613
697
946
383
564
387
829
60
4
985
218
204
495
147
599
897
464
426
422
311
394
171
645
247
488
304
197
847
57
496
114
4
319
50
517
504
583
201
712
192
569
894
341
340
526
844
3
678
975
809
248
382
366
406
648
379
182
928
842
721
696
586
22
812
60
330
125
48
610
262
834
725
548
419
521
248
585
988
182
379
791
711
912
962
246
65
180
466
436
538
206
561
751
657
331
891
906
22
646
750
754
696
48
4
823
382
220
539
303
145
898
439
328
383
313
110
525
855
642
898
473
556
928
32
219
517
29
372
177
272
600
148
556
797
669
447
877
246
73
539
849
382
524
747
763
298
295
712
786
996
136
946
192
407
961
743
924
786
541
580
370
989
538
661
4
958
485
685
164
763
246
962
512
491
865
367
136
993
729
683
165
356
208
394
487
694
84
410
322
906
69
80
587
979
613
836
568
415
590
951
711
611
985
344
644
842
172
420
562
615
388
134
478
285
879
300
544
24
204
36
415
254
24
683
159
589
476
947
872
488
556
920
434
793
411
597
890
558
788
141
654
784
761
994
493
107
838
578
59
26
617
661
219
829
186
685
882
109
444
995
244
759
900
770
365
862
715
159
312
702
615
419
192
952
843
106
528
506
883
819
599
577
66
29
891
652
143
455
550
931
170
501
500
529
986
940
83
614
570
603
698
788
500
256
351
756
448
580
601
215
240
545
970
369
240
983
451
265
725
541
792
933
930
68
225
440
369
184
560
805
48
632
50
738
41
188
805
18
21
564
103
44
969
234
833
500
282
956
469
253
30
626
236
228
548
406
280
168
534
874
672
440
514
826
316
901
864
982
875
409
38
430
111
319
48
547
584
387
824
592
612
911
641
767
696
995
981
831
649
973
928
769
537
939
206
81
997
970
51
894
82
912
407
63
548
14
870
517
722
912
937
144
714
472
843
176
932
141
22
81
257
428
500
857
626
777
68
909
271
721
745
235
229
169
790
98
172
607
10
238
327
534
182
382
123
459
305
440
569
716
667
638
259
342
80
274
19
633
995
380
298
255
569
717
907
938
751
796
196
579
343
352
706
425
751
820
9
417
460
321
240
401
126
748
957
413
795
134
331
661
742
845
187
925
78
553
36
371
490
661
629
607
979
640
92
406
895
564
360
698
351
339
992
642
741
956
492
907
70
801
977
975
324
381
120
888
74
544
843
977
181
941
490
664
31
683
528
66
566
859
642
352
501
839
888
276
989
358
514
21
544
45
849
810
947
205
14
96
950
424
517
212
956
375
645
390
932
607
466
680
574
331
351
813
828
514
564
374
798
575
442
322
743
399
642
315
722
652
214
219
986
822
121
107
968
967
85
155
598
398
84
405
462
336
754
953
138
797
425
453
875
556
960
685
722
808
649
362
850
916
796
612
147
518
183
287
598
538
938
233
202
772
880
234
138
38
942
389
428
709
401
27
488
247
224
402
549
413
865
65
213
63
820
543
685
387
831
225
397
650
96
800
839
456
128
139
354
825
794
227
468
953
902
402
524
875
258
373
871
256
249
216
14
499
975
665
782
165
225
644
16
316
646
626
929
276
990
759
146
404
51
788
466
403
992
790
499
508
309
72
66
72
720
944
648
34
665
576
316
663
180
929
480
434
467
791
178
937
300
354
482
270
657
773
744
276
210
334
870
419
600
582
369
348
852
559
901
425
419
446
706
700
898
562
675
245
487
18
41
209
257
924
930
197
384
632
20
199
980
155
547
67
531
95
811
505
390
29
26
976
98
236
132
719
403
66
455
93
83
663
109
913
289
936
561
22
63
355
674
470
592
452
353
735
646
177
958
823
394
814
143
535
934
266
948
210
679
297
833
101
175
986
375
496
792
687
905
569
874
649
839
882
344
565
876
542
800
156
733
795
877
497
564
45
113
92
281
637
466
775
996
98
192
783
718
463
7
399
826
606
149
864
751
616
22
818
574
517
373
616
54
601
789
977
573
475
628
632
295
425
568
623
188
870
614
521
105
243
1
670
489
280
46
966
267
293
690
817
50
683
371
528
366
206
383
193
555
532
412
340
49
339
222
554
410
215
180
103
999
482
162
272
991
636
994
137
257
496
963
722
613
907
469
210
759
199
370
460
308
95
806
983
344
727
691
160
869
573
766
853
386
814
130
359
814
109
101
201
810
868
832
320
973
990
324
38
843
555
401
969
962
487
218
100
378
171
27
522
93
250
162
265
727
63
576
678
498
840
554
633
251
296
240
141
220
662
521
368
23
230
906
162
790
303
657
913
245
753
954
45
830
532
489
435
447
855
976
749
90
566
790
698
793
257
764
529
85
565
966
57
789
257
244
873
984
374
715
976
220
853
65
422
350
653
670
987
19
170
855
404
350
974
21
708
100
341
23
267
599
422
85
554
565
828
223
100
778
517
532
651
831
458
454
821
271
911
624
529
22
669
712
87
954
314
669
111
65
485
659
651
897
199
859
796
236
805
779
695
323
292
666
12
321
138
929
723
397
219
44
823
76
736
181
313
306
174
925
977
947
964
946
826
808
617
16
740
976
294
247
741
775
550
596
1000
824
636
395
348
697
349
563
129
866
490
434
260
436
368
9
2
618
875
921
831
468
299
743
212
538
552
69
923
647
869
18
921
481
496
989
499
823
100
515
507
756
122
566
443
200
724
458
186
208
937
42
654
469
504
415
907
942
44
581
811
836
147
620
728
474
322
841
566
685
900
821
134
460
678
638
739
776
360
68
439
848
904
70
538
551
97
89
297
642
610
451
645
766
379
959
866
376
958
38
230
306
919
250
862
125
617
33
932
36
720
254
754
608
930
165
918
90
799
230
318
116
588
462
760
48
312
555
467
890
186
309
664
128
511
605
438
907
640
321
225
898
551
313
333
279
576
105
201
994
948
927
506
581
119
873
159
461
934
389
914
375
942
482
683
185
749
107
698
560
169
100
553
399
783
315
962
807
23
733
371
234
279
242
226
570
642
166
526
293
321
357
64
373
772
548
577
664
746
1000
457
561
351
433
746
449
604
855
26
52
288
326
747
110
848
585
699
358
81
648
36
534
682
509
241
256
730
204
519
850
105
602
510
180
391
207
609
678
865
165
808
600
366
471
820
63
781
601
835
100
162
149
22
333
902
213
626
583
955
689
599
941
453
201
779
711
289
869
693
722
664
247
938
425
674
959
912
830
427
553
313
882
670
80
17
791
66
110
498
421
689
425
41
639
884
344
507
876
317
64
973
102
531
637
542
698
714
38
307
121
876
886
165
154
474
722
200
723
577
812
358
197
97
887
982
985
247
209
405
551
556
358
322
477
908
86
247
582
420
468
878
435
814
822
413
466
684
638
768
816
901
993
118
631
769
573
785
458
927
168
665
583
259
971
666
888
578
972
149
825
203
434
986
289
298
548
424
393
374
408
778
982
968
202
813
198
459
476
380
818
661
601
291
606
670
233
335
348
342
454
942
281
632
722
57
53
548
112
57
400
402
513
742
585
634
994
931
520
944
970
276
493
530
190
75
310
716
938
722
369
888
635
629
808
89
855
773
698
574
976
928
706
173
150
30
257
214
991
560
376
919
987
887
599
962
712
903
182
636
441
33
940
898
711
447
1000
34
341
938
393
908
701
407
783
728
1000
808
319
502
881
334
157
202
377
131
82
559
729
195
796
979
839
279
326
510
189
40
576
446
362
881
262
727
608
595
899
633
70
967
170
523
310
279
145
459
901
276
590
526
436
808
128
559
143
712
232
80
173
406
437
791
347
518
828
87
576
177
672
143
507
246
223
531
554
345
419
736
935
722
359
408
485
686
755
451
71
929
748
876
402
922
585
478
109
84
23
325
457
929
892
804
597
265
10
259
380
392
275
636
688
895
403
813
623
739
400
551
332
293
90
538
985
105
233
863
178
584
521
854
772
931
588
639
409
217
103
86
544
423
613
180
675
632
208
182
264
484
274
423
235
292
413
792
955
921
275
547
662
938
476
91
586
747
293
513
443
443
643
738
814
131
557
194
438
259
640



























































































































































































































































































































































































































































































































































































































































































































































































































































































































































































































































































































































































































































































































































































































































































































































































































































































































































































































































































































































































































































































































































































































































































































































































































































































































































































































































































































































































































































































































































































































































































































































































































































































































































































































































































































































