724
280
746
314
318
643
908
870
323
266
502
446
470
422
805
445
284
799
336
473
326
645
890
205
214
202
674
767
383
506
161
563
888
976
966
605
420
569
353
954
979
519
112
610
246
72
797
165
552
826
357
519
514
605
242
26
877
539
78
440
986
168
217
605
791
54
693
225
237
779
936
229
698
300
609
272
733
190
273
438
23
723
896
823
531
4
37
641
26
376
343
663
639
262
796
388
965
971
634
942
754
174
422
85
101
713
194
563
761
51
770
740
276
567
980
534
774
904
963
48
691
267
743
445
873
697
384
260
322
14
583
679
376
380
584
498
722
827
879
550
308
562
681
698
634
425
842
929
442
752
849
217
980
893
629
691
987
260
90
918
320
395
394
876
42
642
987
225
303
805
286
155
966
783
889
291
951
460
506
244
592
242
502
278
38
392
883
918
598
962
694
57
132
97
926
146
443
16
855
25
636
519
699
13
200
243
456
858
993
286
603
803
426
864
640
856
757
422
116
198
555
809
715
934
424
266
676
268
890
451
72
490
872
874
785
530
988
62
501
383
474
215
538
403
516
231
178
245
945
963
500
718
946
76
665
366
226
631
116
261
757
813
26
1000
502
130
35
651
450
241
203
946
644
271
586
40
322
980
850
390
255
31
654
265
575
146
139
897
58
487
718
88
150
673
84
177
517
202
285
264
40
62
515
653
456
527
986
190
262
887
313
395
837
604
654
489
801
805
111
67
32
411
543
911
117
524
457
804
977
198
245
676
969
441
658
169
466
723
582
511
699
114
717
23
657
415
442
859
62
669
131
567
424
367
265
790
58
709
134
943
677
982
188
485
91
122
345
488
796
837
589
400
95
889
653
190
37
244
284
255
598
475
401
39
23
434
999
751
684
492
306
347
227
632
163
121
168
853
629
461
187
968
387
270
163
130
342
763
250
691
716
357
984
265
333
655
931
882
84
980
267
438
572
932
366
121
764
812
20
794
302
864
258
272
789
350
454
484
546
53
766
820
236
954
76
717
984
451
660
179
180
874
971
259
50
124
739
224
641
461
856
818
782
231
136
393
99
350
675
580
400
670
138
885
664
694
428
606
596
164
343
647
674
256
109
934
232
332
642
580
706
971
605
377
704
62
936
507
637
513
600
549
195
685
901
823
482
896
782
46
586
138
170
713
306
238
630
856
161
793
954
699
528
598
928
794
278
272
433
532
536
724
92
727
388
426
329
603
748
575
353
869
466
684
916
568
44
560
37
747
69
11
576
495
609
90
452
376
810
331
299
905
144
98
591
60
693
151
429
572
772
425
789
924
597
826
706
494
805
423
674
911
872
568
877
366
220
79
784
681
889
316
287
923
42
855
967
986
56
335
480
421
112
314
567
832
890
74
464
495
804
958
973
467
872
76
721
67
767
977
945
921
474
598
667
244
765
105
919
100
387
404
236
626
227
716
43
807
433
888
411
742
218
957
495
674
304
50
956
887
808
109
597
419
877
694
763
881
530
887
389
370
610
616
636
957
852
504
265
600
540
171
456
488
951
643
406
203
302
818
545
18
844
652
273
981
311
52
662
144
915
771
898
771
793
380
717
413
261
760
297
751
718
449
140
515
206
790
453
601
114
853
984
161
885
254
247
707
116
289
61
736
228
128
858
815
512
27
45
36
250
610
505
467
308
919
388
514
227
813
32
327
793
184
510
80
375
662
538
859
922
270
131
716
696
199
368
471
195
548
560
669
156
801
918
652
208
329
688
964
649
237
526
171
235
51
721
970
269
328
520
463
137
17
582
943
131
56
885
587
283
87
980
752
991
309
810
491
974
850
151
493
490
195
60
324
165
271
332
22
678
189
704
250
751
547
391
853
895
636
347
46
545
547
448
400
549
880
171
715
12
176
678
945
558
406
955
816
44
215
392
554
451
393
168
968
356
16
327
755
401
712
395
688
120
816
56
151
419
798
486
173
675
520
52
153
942
508
230
713
741
606
675
991
353
596
240
406
117
908
808
823
332
950
88
987
366
321
760
179
474
583
563
184
503
961
487
739
137
129
416
897
768
998
976
292
620
361
718
68
999
205
100
503
93
848
351
528
33
427
720
544
587
512
426
830
783
259
834
652
533
286
163
516
504
2
167
612
384
236
750
806
166
789
773
409
635
289
124
136
576
442
722
923
919
261
149
967
111
102
282
718
833
63
96
202
804
787
650
586
905
170
394
561
766
299
595
961
456
211
341
669
646
371
619
974
39
354
909
616
24
269
993
19
643
734
784
167
932
197
203
744
288
610
295
505
80
826
477
973
212
399
995
202
373
371
80
46
962
59
785
632
565
602
815
1
123
122
485
159
751
116
851
108
754
99
584
513
342
180
292
594
577
992
31
907
501
996
184
490
604
308
326
377
585
565
731
544
21
565
424
482
210
61
262
972
12
90
306
8
37
625
150
957
218
187
515
203
245
682
627
380
422
188
581
506
48
31
201
831
118
121
834
348
339
826
31
155
510
739
472
882
851
499
625
830
873
950
832
808
738
563
927
609
227
807
925
243
109
947
70
684
982
945
53
478
288
926
905
416
630
808
835
271
735
846
350
659
162
28
154
579
94
221
839
191
229
282
938
624
818
840
741
749
363
6
545
926
889
67
668
34
367
346
851
99
260
639
795
324
345
924
882
289
530
99
970
266
82
452
251
877
641
807
818
151
98
140
469
527
744
261
850
585
623
59
422
398
202
490
717
172
247
473
816
914
682
319
570
111
149
306
295
520
8
429
91
466
814
89
656
647
672
258
894
491
47
408
775
169
579
392
278
447
893
562
56
558
898
278
128
605
332
213
189
794
856
138
521
49
214
814
128
562
966
678
122
212
773
932
146
347
232
31
778
460
507
42
286
392
16
638
348
740
901
451
989
769
223
868
575
707
74
367
765
338
854
902
94
289
624
730
657
597
891
742
72
860
885
758
44
96
839
76
541
630
642
354
284
558
736
48
251
409
864
979
730
307
18
346
488
931
632
872
693
545
20
92
689
716
945
560
753
346
522
473
489
939
298
310
278
720
190
303
370
694
51
290
549
20
712
670
626
875
867
933
321
477
699
139
69
124
1000
491
652
330
143
500
536
857
832
196
71
201
805
243
314
788
137
517
204
973
150
152
664
359
664
678
972
731
921
800
544
301
205
374
191
447
711
586
989
926
181
104
335
180
69
963
272
897
623
751
435
72
152
77
309
812
388
61
766
843
299
853
454
326
221
162
142
303
594
225
417
336
558
440
250
1
470
814
126
991
863
302
863
756
685
555
786
184
610
2
395
911
792
614
76
465
257
653
188
896
245
439
198
836
199
154
333
89
160
298
978
24
727
782
857
114
341
936
609
698
523
882
905
805
202
879
697
52
569
723
126
87
535
387
335
259
278
832
162
57
37
265
572
80
218
18
865
567
938
754
324
692
182
452
999
365
910
269
301
816
360
995
565
430
428
463
222
398
2
496
957
477
376
884
68
142
95
325
972
176
270
177
152
973
266
983
100
304
511
670
923
291
808
18
681
595
573
78
983
323
304
761
412
129
418
870
566
716
208
748
149
387
103
319
780
653
783
947
335
776
725
592
11
838
567
30
800
888
133
319
75
266
701
365
390
78
222
187
811
746
813
821
806
278
445
466
871
173
167
942
979
277
416
731
57
888
417
377
742
615
464
515
956
394
283
875
1
337
255
170
162
54
659
308
182
642
991
552
375
294
732
753
850
581
525
50
249
217
534
381
329
43
260
68
66
233
229
944
353
612
711
772
954
298
197
697
479
398
389
262
273
554
770
623
889
249
533
560
176
668
436
131
125
50
777
534
459
327
391
617
788
238
693
674
432
7
446
418
903
739
576
538
772
137
308
645
288
302
767
663
670
711
579
867
108
438
250
786
541
19
481
93
787
88
301
395
842
955
71
637
864
18
913
413
987
41
232
45
249
623
620
501
856
950
425
804
322
782
858
558
961
158
641
593
709
735
242
968
266
744
820
611
715
562
990
638
673
604
428
638
979
543
566
319
578
103
788
224
860
85
327
364
978
376
155
826
598
391
634
246
166
263
496
286
483
755
367
897
618
270
639
336
375
343
229
980
102
759
210
756
700
725
925
821
70
532
598
27
168
345
481
867
741
690
553
677
391
986
229
183
641
822
452
831
53
499
579
892
437
997
527
455
871
55
808
65
259
815
625
72
377
486
343
689
491
347
419
98
352
981
814
884
736
500
898
23
552
270
546
404
777
734
660
588
450
685
793
349
337
186
236
556
888
581
502
929
913
843
179
447
362
816
627
191
349
800
522
988
826
347
868
154
549
60
399
72
295
629
953
672
498
40
948
292
727
745
438
291
556
800
117
511
56
211
486
837
65
823
97
500
287
195
69
571
219
522
630
102
122
500
980
262
801
132
248
673
991
487
921
249
819
713
527
492
428
319
254
964
783
379
657
6
192
571
634
172
789
840
403
254
928
627
760
637
709
154
11
777
608
410
622
450
75
740
23
787
643
674
250
974
914
282
464
512
99
834
463
40
637
593
97
365
757
336
743
832
55
825
785
981
296
709
51
803
72
822
505
176
71
502
121
636
292
178
199
223
672
894
577
946
203
357
275
262
945
640
10
398
619
69
407
870
922
860
764
573



























































































































































































































































































































































































































































































































































































































































































































































































































































































































































































































































































































































































































































































































































































































































































































































































































































































































































































































































































































































































































































































































































































































































































































































































































































































































































































































































































































































































































































































































































































































































































































































































































































































































































































































































































































































































































































































































































































































































































































































































































































































































































































































































































































































































































































































































































































































































































































































































































































































































































































































































































































































































































































































































































































































































































































































































































































































































































































































































































































































































































































































































































































































































































































































































































































































































































































































































































































































































































































































































































































































































































































































































































































































































































































































































































































































































































































































































































































































































































































































































































































































































































































































































































































































































































































































































































































































































































































































































































































































































































































































































































































































































































































































































































































































































































































































































































































































































































































































































