556
112
841
456
904
229
102
814
680
725
303
17
333
522
116
594
745
327
763
249
149
407
651
926
215
436
583
452
930
647
709
419
673
842
358
384
546
449
38
629
730
212
372
906
989
44
653
139
567
186
579
574
300
503
748
659
364
397
525
297
322
807
361
312
4
569
226
128
685
302
276
1
697
559
89
877
852
569
384
201
84
704
867
857
882
192
840
815
563
962
11
172
665
963
923
344
680
868
720
540
312
5
343
965
4
196
771
337
963
366
177
679
740
158
246
554
682
221
347
168
901
652
342
119
307
518
579
859
977
941
686
380
953
551
959
313
158
813
588
700
662
872
317
24
881
341
39
639
289
637
562
362
974
901
836
431
978
20
493
306
994
667
447
300
804
463
859
556
646
526
126
664
720
36
606
534
458
428
17
138
763
238
752
856
100
754
36
657
541
240
458
713
291
221
92
883
790
474
495
586
770
546
194
182
293
753
694
773
891
622
825
683
595
751
370
797
423
487
112
371
447
244
726
280
4
787
82
868
272
223
483
998
138
809
807
279
931
534
617
240
174
957
666
844
956
434
145
387
770
308
13
110
90
279
224
218
776
480
95
713
24
902
758
189
384
124
40
873
947
179
880
568
147
454
64
567
523
437
801
112
170
491
257
737
140
888
819
77
102
610
958
810
148
522
398
127
355
589
799
709
617
443
821
293
404
628
128
658
542
151
291
528
139
570
636
850
412
293
508
771
319
30
315
503
743
22
387
208
129
462
501
818
202
943
131
69
119
408
742
682
335
210
938
293
834
556
390
472
562
24
823
607
709
563
228
990
503
625
902
686
51
11
608
873
457
377
79
896
16
79
504
265
493
714
147
438
998
383
656
853
210
753
211
777
648
363
754
508
619
407
452
623
487
418
16
192
380
438
375
485
345
466
588
22
397
884
897
959
545
86
950
324
559
942
62
23
20
116
528
154
58
972
642
348
620
899
833
270
36
418
341
333
943
266
557
313
958
479
414
1000
960
948
364
558
110
550
546
113
137
896
693
753
374
634
656
298
937
633
650
938
12
283
537
456
744
940
841
976
62
377
10
928
583
521
191
115
777
953
89
565
858
161
257
47
189
228
744
790
845
125
216
240
430
940
991
258
529
92
48
648
142
310
442
776
737
72
870
285
300
236
787
605
