691
731
567
642
592
814
179
854
391
488
10
326
297
503
20
372
695
112
968
823
906
988
933
920
714
239
573
55
460
999
281
425
818
412
575
648
421
361
211
238
995
802
390
945
133
456
919
70
434
850
505
563
759
699
193
33
556
518
676
802
200
459
548
172
671
800
654
975
792
591
56
531
100
135
619
469
270
523
229
2
882
274
59
929
590
40
842
352
831
967
732
261
372
34
339
86
996
986
701
77
417
244
468
921
429
340
993
61
744
663
488
228
746
995
108
335
454
115
234
843
785
162
490
621
967
217
673
392
183
852
690
170
314
65
969
117
932
805
624
678
782
390
716
423
931
199
792
57
990
27
289
912
498
339
714
278
496
43
84
20
925
65
567
302
23
247
40
651
853
407
534
508
382
398
100
439
664
663
415
79
857
689
334
340
141
664
236
383
927
427
697
856
753
577
404
273
872
735
712
584
855
135
766
689
295
155
596
687
820
368
341
650
935
306
270
429
978
373
643
818
992
934
594
931
278
135
146
272
704
410
14
947
393
135
445
210
652
863
9
167
301
549
141
706
792
416
942
332
401
462
434
198
897
821
238
859
62
781
771
594
42
796
452
51
936
405
465
594
486
28
240
793
366
173
378
494
464
556
986
771
149
661
979
539
660
229
767
453
402
834
677
570
722
106
91
610
59
451
814
280
203
195
402
125
541
133
368
75
489
10
39
716
566
521
597
605
749
593
43
477
21
831
403
164
161
605
276
936
150
160
542
985
351
166
921
224
867
278
812
532
539
843
627
827
320
763
706
499
52
198
615
341
367
122
114
975
315
923
240
998
864
73
660
585
715
948
720
130
396
62
957
25
597
863
375
561
890
932
876
243
189
772
569
198
859
562
462
82
569
195
328
1
321
568
582
599
85
235
917
81
920
813
599
190
273
600
131
511
888
18
69
755
522
399
671
346
420
682
501
812
213
301
23
131
49
255
924
462
616
534
784
555
586
333
384
88
851
474
327
115
279
551
869
784
62
764
993
545
178
309
153
638
110
318
373
1
820
191
746
858
824
282
200
131
299
732
682
979
483
375
126
238
790
485
551
834
988
135
712
760
204
372
524
215
22
8
581
995
513
813
826
777
774
346
943
466
378
324
439
750
426
725
214
826
507
997
305
489
976
847
177
965
593
336
281
299
938
462
692
257
355
538
793
960
912
887
539
989
124
163
561
24
97
193
632
117
284
994
557
954
794
679
219
167
219
200
565
207
224
133
117
355
423
734
104
273
127
144
456
444
899
169
812
852
219
684
22
73
234
815
262
618
943
983
459
351
766
789
571
87
582
460
716
574
954
709
474
470
822
646
115
853
142
279
55
191
221
75
255
636
966
859
229
662
541
219
227
546
412
789
789
192
582
285
666
933
407
786
351
553
80
79
598
756
352
174
622
660
761
142
951
759
443
373
12
495
369
157
116
805
501
239
456
613
483
110
487
872
368
717
202
555
8
246
683
567
963
77
453
641
581
972
78
790
748
677
370
277
424
252
216
412
760
595
966
26
672
809
968
534
637
347
604
856
233
272
769
727
11
885
786
727
549
743
94
412
685
946
600
772
960
456
145
114
549
49
332
998
930
604
712
142
225
973
445
215
482
100
979
390
688
229
394
242
107
360
298
91
228
116
328
527
991
727
305
333
657
74
31
433
268
129
986
914
24
920
241
898
453
265
635
434
890
348
301
839
482
336
230
163
816
973
439
498
989
60
348
444
425
50
401
479
993
546
148
23
982
656
420
142
2
866
113
837
506
774
846
973
172
290
317
931
753
942
913
581
12
159
543
145
947
565
883
970
514
396
869
907
591
356
259
877
696
449
221
372
15
451
352
556
154
600
943
606
328
336
635
631
217
574
427
396
813
3
698
383
896
277
959
487
874
873
742
778
263
973
131
126
605
246
501
215
967
892
354
691
659
402
354
467
9
200
202
788
801
695
896
55
403
30
542
189
366
60
754
922
302
915
405
746
608
936
995
6
699
596
1000
845
723
735
198
980
291
552
139
212
37
151
347
544
689
759
94
519
607
504
98
47
529
449
903
327
627
54
598
603
202
166
28
418
921
517
903
903
455
964
453
256
980
212
247
298
881
845
136
709
726
795
645
174
434
398
899
497
9
436
202
465
900
890
856
228
214
836
96
426
750
791
495
855
488
138
689
427
800
301
647
774
216
982
886
232
125
153
140
964
542
906
869
546
731
846
684
365
865
168
809
886
421
536
13
907
771
331
137
814
950
977
274
609
346
922
277
557
263
793
341
765
122
706
292
807
56
568
92
184
327
678
537
222
732
701
666
285
